4 2 14
6 3 295
2023 1217 10811951
1234321 2345432 789452255

1 0 1
2 0 1
2 1 1
3 0 1
3 1 3

3 2 3
3 3 1
3152807 2271135193947 0
6765444 1286842301128 0
320844 18003651194 0

2231101 0 1
10000000 49999995000000 0
10000000 19999997 534496331
3056717 3184913 348518649
1343673 1184301 412038659

9999754 16841204 62676754
9999187 5779746 827441349
9999083 19997843 979422385
9999034 19992479 951678496
9657570 19315138 0

2839118 5678234 0
10000000 30000000 0
10000000 60000000 0
10000000 90000000 0
10000000 120000000 0

10000000 150000000 0
10000000 180000000 0
10000000 210000000 0
10000000 240000000 0

=====================================
3152807 2271135193947 0
6765444 1286842301128 0
320844 18003651194 0
10000000 49999995000000 0
9657570 19315138 0
2839118 5678234 0
10000000 30000000 0
10000000 60000000 0
10000000 90000000 0
10000000 120000000 0
10000000 150000000 0
10000000 180000000 0
10000000 210000000 0
10000000 240000000 0

1 0 1
2 0 1
2 1 1
3 0 1
3 3 1
2231101 0 1

3 1 3
3 2 3

4 2 14
6 3 295


2023 1217 10811951
1234321 2345432 789452255

10000000 19999997 534496331
3056717 3184913 348518649
1343673 1184301 412038659

9999754 16841204 62676754
9999187 5779746 827441349
9999083 19997843 979422385
9999034 19992479 951678496


